7727
7728
7729
7730
7731
7732
7733
7734
7735
7736
7750
7751
7752
7753
7754
7755
7756
7757
7760
7767
7768
7769
7771
7772
7776
7780
7783
7790
7791
7798
7799
7802
7803
7804
7805
7806
7807
7811
7812
7813
7814
7818
7819
7820
7829
7830
7833
7837
7840
7842
7843
7844
7845
7848
7850
7851
7852
7853
7855
7856
7857
7859
7866
7874
7876
7880
7882
7885
7887
7893
7899
7906
7907
7911
7912
7913
7919
7924
7925
7926
7933
7949
7950
7952
7954
7957
7958
7959
7970
7972
7973
7974
7979
7980
7989
7992
7994
8007
8010
8025
8023
8033
8037
8038
8048
8050
8059
8067
8078
8079
8083
8084
8085
8111
8119
8139
8140
8144
8173
8176
8182
8201
8202
8208
8209
8212
8216
8219
8227
8229
8233
8235
8237
8250
8253
8254
8255
8258
8260
8262
8264
8270
8277
8281
8285
8295
8300
8301
8303
8307
8308
8309
8314
8318
8334
8340
8341
8342
8343
8346
8349
8354
8358
8359
8365
8366
8370
8371
8372
8373
8374
8379
8384
8389
8391
8396
8397
8402
8403
8404
8405
8416
8422
8435
8436
8438
8439
8440
8450
8451
8453
8461
8466
8477
8479
8481
8483
8484
8487